[General]
capture_frames = 10
n_camera = 1
smoothing_filter = 1
sensor_id = "Camera0"

[Camera0_Factory]
fx = 626.076049805
fy = 625.346191406
cx = 334.355773926
cy = 226.172302246
p1 = -0.000571414537262
p2 = -0.000413640780607
k1 = -0.123153015971
k2 = 0.158374160528
k3 = -0.3539288342
k4 = 0.133687719703
k5 = 0.0859625563025
k6 = -0.352307289839

[Camera0_RGB_Factory]
fx = 1596.95214844
fy = 1595.56262207
cx = 988.940002441
cy = 548.107788086
p1 = 4.57539099443e-5
p2 = 0.000403247104259
k1 = -0.184339866042
k2 = 0.185930892825
k3 = -0.0540022775531
k4 = 0.227481216192
k5 = 0.0341854840517
k6 = 0.0270246919245

[Camera0_Extrinsic_Factory]
tx = 47.5715661201
ty = 0.56955670752
tz = -1.91987378732
r11 = 0.999987864524
r12 = 0.00040078891684
r13 = -0.00491021116514
r21 = -0.000425380334653
r22 = 0.999987368414
r23 = -0.00500819972764
r31 = 0.00490814191044
r32 = 0.00501022765801
r33 = 0.999975403578

[Camera0]
camera_name = "camera0"
serial_no = "PD71A1EGD8280069P"
range1 = 0
range2 = -1
rgb_image = -1
width = 640
height = 480
