[General]
capture_frames = 10
n_camera = 1
smoothing_filter = 1
sensor_id = "Camera0"

[Camera0_Factory]
fx = 625.425842285
fy = 624.880371094
cx = 334.167480469
cy = 231.096176147
p1 = -0.000600887229666
p2 = -0.000383159640478
k1 = -0.124030552804
k2 = 0.183431372046
k3 = -0.0437719710171
k4 = 0.134037777781
k5 = 0.0906633511186
k6 = 0.0334482267499

[Camera0_RGB_Factory]
fx = 1589.57861328
fy = 1588.26293945
cx = 1002.48022461
cy = 548.202209473
p1 = 0.000629522488452
p2 = 0.000760339142289
k1 = -0.15860119462
k2 = 0.222311511636
k3 = -0.0471009202302
k4 = 0.250989973545
k5 = 0.0864441692829
k6 = 0.0406238511205

[Camera0_Extrinsic_Factory]
tx = 47.5787201582
ty = 0.547873436938
tz = -1.9998025398
r11 = 0.999881201663
r12 = -0.00145557296269
r13 = -0.0153448319973
r21 = 0.00149266946432
r22 = 0.999995990705
r23 = 0.0024063483269
r31 = 0.0153412678598
r32 = -0.00242896721888
r33 = 0.999879365533

[Camera0]
camera_name = "camera0"
serial_no = "PD71A1EGD8280157P"
range1 = 0
range2 = -1
rgb_image = 1
width = 640
height = 480
width_rgb = 1920
height_rgb = 1080